#_target_: mofgraph2vec.model.regressor.Regressor
n_estimators: 5000
max_depth: 5 #12
reg_alpha: #2.6955990151262372
reg_lambda: #1.9343058864538412
subsample: 1.0 #0.9980347080095472
min_child_weight: 2 #0.08459677153963636
learning_rate: 0.1 #1.019044321427076
n_jobs: -2
random_state: 2234
